Chr01	0	10000000	0.8285310
Chr01	10000000	20000000	0.8043464
Chr01	20000000	30000000	0.7706748
Chr01	30000000	40000000	0.7593264
Chr01	40000000	50000000	0.7888005
Chr01	50000000	60000000	0.7925339
Chr01	60000000	70000000	0.8008409
Chr01	70000000	80000000	0.7985774
Chr01	80000000	90000000	0.7886947
Chr01	90000000	100000000	0.7959940
Chr01	100000000	110000000	0.7835158
Chr01	110000000	120000000	0.8013705
Chr01	120000000	130000000	0.8115311
Chr01	130000000	140000000	0.8031797
Chr01	140000000	150000000	0.7944230
Chr01	150000000	160000000	0.8232996
Chr01	160000000	168845322	0.8531288
Chr02	0	10000000	0.8085314
Chr02	10000000	20000000	0.7624156
Chr02	20000000	30000000	0.7934488
Chr02	30000000	40000000	0.8038391
Chr02	40000000	50000000	0.7786637
Chr02	50000000	60000000	0.7795585
Chr02	60000000	70000000	0.7988126
Chr02	70000000	80000000	0.8023804
Chr02	80000000	90000000	0.7830611
Chr02	90000000	100000000	0.8090948
Chr02	100000000	110000000	0.8255128
Chr02	110000000	120000000	0.7974879
Chr02	120000000	130000000	0.8023663
Chr02	130000000	140000000	0.8198654
Chr02	140000000	145740238	0.8373465
Chr03	0	10000000	0.8324155
Chr03	10000000	20000000	0.8175182
Chr03	20000000	30000000	0.7920174
Chr03	30000000	40000000	0.8111344
Chr03	40000000	50000000	0.7942904
Chr03	50000000	60000000	0.7898752
Chr03	60000000	70000000	0.7753950
Chr03	70000000	80000000	0.7979315
Chr03	80000000	90000000	0.8323943
Chr03	90000000	100000000	0.8009376
Chr03	100000000	110000000	0.7809415
Chr03	110000000	120000000	0.7854736
Chr03	120000000	130000000	0.7671670
Chr03	130000000	140000000	0.7966463
Chr03	140000000	140488985	0.7580907
Chr04	0	10000000	0.8557455
Chr04	10000000	20000000	0.8293413
Chr04	20000000	30000000	0.7924580
Chr04	30000000	40000000	0.8040402
Chr04	40000000	50000000	0.8020730
Chr04	50000000	60000000	0.8217179
Chr04	60000000	70000000	0.8028318
Chr04	70000000	80000000	0.8044916
Chr04	80000000	90000000	0.7920309
Chr04	90000000	100000000	0.8094306
Chr04	100000000	110000000	0.7923125
Chr04	110000000	120000000	0.7942101
Chr04	120000000	130000000	0.8132091
Chr04	130000000	137129076	0.7863858
Chr05	0	10000000	0.8363889
Chr05	10000000	20000000	0.8189834
Chr05	20000000	30000000	0.8185630
Chr05	30000000	40000000	0.8092458
Chr05	40000000	50000000	0.7917037
Chr05	50000000	60000000	0.7696876
Chr05	60000000	70000000	0.7832035
Chr05	70000000	80000000	0.8176855
Chr05	80000000	90000000	0.7769586
Chr05	90000000	100000000	0.7859349
Chr05	100000000	110000000	0.8148958
Chr05	110000000	120000000	0.8017284
Chr05	120000000	130000000	0.7789099
Chr05	130000000	135293608	0.8121043
Chr06	0	10000000	0.7908439
Chr06	10000000	20000000	0.7979800
Chr06	20000000	30000000	0.7855762
Chr06	30000000	40000000	0.7841160
Chr06	40000000	50000000	0.7909375
Chr06	50000000	60000000	0.7904706
Chr06	60000000	70000000	0.8023810
Chr06	70000000	80000000	0.7755421
Chr06	80000000	90000000	0.7888130
Chr06	90000000	100000000	0.8057000
Chr06	100000000	110000000	0.8038922
Chr06	110000000	120000000	0.8389590
Chr06	120000000	123901946	0.8605019
Chr07	0	10000000	0.8033046
Chr07	10000000	20000000	0.7706490
Chr07	20000000	30000000	0.8107255
Chr07	30000000	40000000	0.7844969
Chr07	40000000	50000000	0.8053657
Chr07	50000000	60000000	0.7993445
Chr07	60000000	70000000	0.7950122
Chr07	70000000	80000000	0.7829308
Chr07	80000000	90000000	0.7747657
Chr07	90000000	100000000	0.8071260
Chr07	100000000	110000000	0.8095714
Chr07	110000000	120000000	0.8184942
Chr07	120000000	123686240	0.8409407
Chr08	0	10000000	0.7972180
Chr08	10000000	20000000	0.7786958
Chr08	20000000	30000000	0.8104631
Chr08	30000000	40000000	0.7676533
Chr08	40000000	50000000	0.7929647
Chr08	50000000	60000000	0.7844161
Chr08	60000000	70000000	0.7915752
Chr08	70000000	80000000	0.7828434
Chr08	80000000	90000000	0.8056071
Chr08	90000000	100000000	0.7963369
Chr08	100000000	110000000	0.8096469
Chr08	110000000	120000000	0.8597133
Chr08	120000000	122988935	0.8135078
Chr09	0	10000000	0.8031649
Chr09	10000000	20000000	0.8125595
Chr09	20000000	30000000	0.7504492
Chr09	30000000	40000000	0.7876854
Chr09	40000000	50000000	0.8153634
Chr09	50000000	60000000	0.8004041
Chr09	60000000	70000000	0.8187118
Chr09	70000000	80000000	0.8129145
Chr09	80000000	90000000	0.7931845
Chr09	90000000	100000000	0.7984307
Chr09	100000000	110000000	0.7941435
Chr09	110000000	120000000	0.8146283
Chr09	120000000	122390141	0.8043730
Chr10	0	10000000	0.8428540
Chr10	10000000	20000000	0.8340577
Chr10	20000000	30000000	0.8268797
Chr10	30000000	40000000	0.8032167
Chr10	40000000	50000000	0.8007983
Chr10	50000000	60000000	0.7945194
Chr10	60000000	70000000	0.7834292
Chr10	70000000	80000000	0.7924540
Chr10	80000000	90000000	0.7943647
Chr10	90000000	100000000	0.8071491
Chr10	100000000	110000000	0.7932640
Chr10	110000000	120000000	0.7717567
Chr10	120000000	121563885	0.8184994
Chr11	0	10000000	0.8231293
Chr11	10000000	20000000	0.8176957
Chr11	20000000	30000000	0.8114959
Chr11	30000000	40000000	0.8104228
Chr11	40000000	50000000	0.8006028
Chr11	50000000	60000000	0.8034511
Chr11	60000000	70000000	0.7961659
Chr11	70000000	80000000	0.8014901
Chr11	80000000	90000000	0.8024721
Chr11	90000000	100000000	0.8100408
Chr11	100000000	110000000	0.8276097
Chr11	110000000	118935921	0.8523850
Chr12	0	10000000	0.8368984
Chr12	10000000	20000000	0.8453204
Chr12	20000000	30000000	0.8188737
Chr12	30000000	40000000	0.8077288
Chr12	40000000	50000000	0.7985904
Chr12	50000000	60000000	0.7918617
Chr12	60000000	70000000	0.7991545
Chr12	70000000	80000000	0.7983181
Chr12	80000000	90000000	0.7763324
Chr12	90000000	100000000	0.7599468
Chr12	100000000	110000000	0.8026788
Chr12	110000000	112130334	0.8317278
Chr13	0	10000000	0.8296014
Chr13	10000000	20000000	0.8019975
Chr13	20000000	30000000	0.8056381
Chr13	30000000	40000000	0.8191763
Chr13	40000000	50000000	0.8069620
Chr13	50000000	60000000	0.7954114
Chr13	60000000	70000000	0.7983139
Chr13	70000000	80000000	0.8165219
Chr13	80000000	90000000	0.8193534
Chr13	90000000	100000000	0.8081323
Chr13	100000000	110000000	0.8616516
Chr13	110000000	111440624	0.8786241
Chr14	0	10000000	0.8286785
Chr14	10000000	20000000	0.8245701
Chr14	20000000	30000000	0.8085383
Chr14	30000000	40000000	0.8055921
Chr14	40000000	50000000	0.7934200
Chr14	50000000	60000000	0.7956660
Chr14	60000000	70000000	0.7584044
Chr14	70000000	80000000	0.7923461
Chr14	80000000	90000000	0.8066839
Chr14	90000000	100000000	0.8078213
Chr14	100000000	108969584	0.8282821
Chr15	0	10000000	0.8509836
Chr15	10000000	20000000	0.8410725
Chr15	20000000	30000000	0.7824397
Chr15	30000000	40000000	0.7788999
Chr15	40000000	50000000	0.8021010
Chr15	50000000	60000000	0.7703405
Chr15	60000000	70000000	0.7830782
Chr15	70000000	80000000	0.7794479
Chr15	80000000	90000000	0.7988095
Chr15	90000000	100000000	0.7800181
Chr15	100000000	108925116	0.8190298
Chr16	0	10000000	0.8376886
Chr16	10000000	20000000	0.7935558
Chr16	20000000	30000000	0.7890958
Chr16	30000000	40000000	0.7972495
Chr16	40000000	50000000	0.7979827
Chr16	50000000	60000000	0.8156216
Chr16	60000000	70000000	0.7876479
Chr16	70000000	80000000	0.7976853
Chr16	80000000	90000000	0.7698494
Chr16	90000000	100000000	0.7887909
Chr16	100000000	108600532	0.8254755
Chr17	0	10000000	0.8420198
Chr17	10000000	20000000	0.8162887
Chr17	20000000	30000000	0.8079703
Chr17	30000000	40000000	0.7813462
Chr17	40000000	50000000	0.8069233
Chr17	50000000	60000000	0.7931381
Chr17	60000000	70000000	0.7590931
Chr17	70000000	80000000	0.8254475
Chr17	80000000	90000000	0.7984826
Chr17	90000000	100000000	0.8106072
Chr17	100000000	108410298	0.7734765
Chr18	0	10000000	0.8218120
Chr18	10000000	20000000	0.7891930
Chr18	20000000	30000000	0.8014119
Chr18	30000000	40000000	0.8009070
Chr18	40000000	50000000	0.8024041
Chr18	50000000	60000000	0.7894109
Chr18	60000000	70000000	0.8121076
Chr18	70000000	80000000	0.7816492
Chr18	80000000	90000000	0.8073586
Chr18	90000000	100000000	0.8107197
Chr18	100000000	108118759	0.7855351
Chr19	0	10000000	0.8544475
Chr19	10000000	20000000	0.8317235
Chr19	20000000	30000000	0.8119506
Chr19	30000000	40000000	0.8151565
Chr19	40000000	50000000	0.7993561
Chr19	50000000	60000000	0.8195229
Chr19	60000000	70000000	0.7950380
Chr19	70000000	80000000	0.7830689
Chr19	80000000	90000000	0.7846424
Chr19	90000000	100000000	0.8057701
Chr19	100000000	105389045	0.8440453
Chr20	0	10000000	0.8014287
Chr20	10000000	20000000	0.8014815
Chr20	20000000	30000000	0.8183747
Chr20	30000000	40000000	0.7982537
Chr20	40000000	50000000	0.7984224
Chr20	50000000	60000000	0.7897170
Chr20	60000000	70000000	0.8221355
Chr20	70000000	80000000	0.8055883
Chr20	80000000	90000000	0.8286259
Chr20	90000000	100000000	0.8456429
Chr20	100000000	105385967	0.8476977
Chr21	0	10000000	0.8342509
Chr21	10000000	20000000	0.8190537
Chr21	20000000	30000000	0.7943297
Chr21	30000000	40000000	0.8179610
Chr21	40000000	50000000	0.7882885
Chr21	50000000	60000000	0.7849070
Chr21	60000000	70000000	0.7876387
Chr21	70000000	80000000	0.8164651
Chr21	80000000	90000000	0.8010928
Chr21	90000000	100000000	0.8550056
Chr21	100000000	105266673	0.8570657
Chr22	0	10000000	0.8245174
Chr22	10000000	20000000	0.7877820
Chr22	20000000	30000000	0.7920870
Chr22	30000000	40000000	0.7846420
Chr22	40000000	50000000	0.7889869
Chr22	50000000	60000000	0.8208055
Chr22	60000000	70000000	0.8111136
Chr22	70000000	80000000	0.8163803
Chr22	80000000	90000000	0.8007557
Chr22	90000000	100000000	0.8069953
Chr22	100000000	102716107	0.8550510
Chr23	0	10000000	0.8400176
Chr23	10000000	20000000	0.8152744
Chr23	20000000	30000000	0.8005972
Chr23	30000000	40000000	0.7755594
Chr23	40000000	50000000	0.8082828
Chr23	50000000	60000000	0.8100731
Chr23	60000000	70000000	0.8085668
Chr23	70000000	80000000	0.7652200
Chr23	80000000	90000000	0.8017110
Chr23	90000000	100000000	0.8194542
Chr23	100000000	101427766	0.8057083
Chr24	0	10000000	0.8340729
Chr24	10000000	20000000	0.8019237
Chr24	20000000	30000000	0.8078595
Chr24	30000000	40000000	0.8126008
Chr24	40000000	50000000	0.7852895
Chr24	50000000	60000000	0.7829198
Chr24	60000000	70000000	0.7929507
Chr24	70000000	80000000	0.8037307
Chr24	80000000	90000000	0.8032576
Chr24	90000000	99468242	0.8278140
Chr25	0	10000000	0.8441820
Chr25	10000000	20000000	0.8324678
Chr25	20000000	30000000	0.8031285
Chr25	30000000	40000000	0.7985489
Chr25	40000000	50000000	0.7884795
Chr25	50000000	60000000	0.7809240
Chr25	60000000	70000000	0.7891112
Chr25	70000000	80000000	0.8105181
Chr25	80000000	90000000	0.8287399
Chr25	90000000	99105869	0.8647502
Chr26	0	10000000	0.7863444
Chr26	10000000	20000000	0.8063373
Chr26	20000000	30000000	0.7961687
Chr26	30000000	40000000	0.7998458
Chr26	40000000	50000000	0.8123036
Chr26	50000000	60000000	0.7948938
Chr26	60000000	70000000	0.8061950
Chr26	70000000	80000000	0.8003128
Chr26	80000000	90000000	0.8386558
Chr26	90000000	98986489	0.8308639
Chr27	0	10000000	0.7831991
Chr27	10000000	20000000	0.7843218
Chr27	20000000	30000000	0.8087262
Chr27	30000000	40000000	0.7909669
Chr27	40000000	50000000	0.7953874
Chr27	50000000	60000000	0.8023398
Chr27	60000000	70000000	0.7818960
Chr27	70000000	80000000	0.8049994
Chr27	80000000	90000000	0.8038041
Chr27	90000000	98814315	0.8506181
Chr28	0	10000000	0.8386902
Chr28	10000000	20000000	0.8407519
Chr28	20000000	30000000	0.8109053
Chr28	30000000	40000000	0.8051006
Chr28	40000000	50000000	0.7812401
Chr28	50000000	60000000	0.8170672
Chr28	60000000	70000000	0.7638848
Chr28	70000000	80000000	0.7952650
Chr28	80000000	90000000	0.7897361
Chr28	90000000	98735482	0.8119916
Chr29	0	10000000	0.8267837
Chr29	10000000	20000000	0.8082532
Chr29	20000000	30000000	0.7769848
Chr29	30000000	40000000	0.8132461
Chr29	40000000	50000000	0.7772296
Chr29	50000000	60000000	0.8008295
Chr29	60000000	70000000	0.8286713
Chr29	70000000	80000000	0.8229725
Chr29	80000000	90000000	0.7975183
Chr29	90000000	98317666	0.8496680
Chr30	0	10000000	0.8022505
Chr30	10000000	20000000	0.7954925
Chr30	20000000	30000000	0.8058067
Chr30	30000000	40000000	0.8123105
Chr30	40000000	50000000	0.8050514
Chr30	50000000	60000000	0.8021290
Chr30	60000000	70000000	0.7786836
Chr30	70000000	80000000	0.8021554
Chr30	80000000	90000000	0.8258909
Chr30	90000000	97617499	0.8482106
Chr31	0	10000000	0.8478773
Chr31	10000000	20000000	0.8039660
Chr31	20000000	30000000	0.7896012
Chr31	30000000	40000000	0.8059514
Chr31	40000000	50000000	0.8031876
Chr31	50000000	60000000	0.8174985
Chr31	60000000	70000000	0.8027073
Chr31	70000000	80000000	0.8010696
Chr31	80000000	90000000	0.8005455
Chr31	90000000	96282890	0.8104259
Chr32	0	10000000	0.8473463
Chr32	10000000	20000000	0.8170714
Chr32	20000000	30000000	0.8267044
Chr32	30000000	40000000	0.7947676
Chr32	40000000	50000000	0.7966926
Chr32	50000000	60000000	0.7833636
Chr32	60000000	70000000	0.8024278
Chr32	70000000	80000000	0.7789503
Chr32	80000000	90000000	0.7631121
Chr32	90000000	94294672	0.8284062
Chr33	0	10000000	0.7825596
Chr33	10000000	20000000	0.8178955
Chr33	20000000	30000000	0.8150916
Chr33	30000000	40000000	0.7847303
Chr33	40000000	50000000	0.7956342
Chr33	50000000	60000000	0.8015125
Chr33	60000000	70000000	0.8275004
Chr33	70000000	80000000	0.8093406
Chr33	80000000	90000000	0.8315326
Chr33	90000000	94040615	0.8201489
Chr34	0	10000000	0.8346384
Chr34	10000000	20000000	0.8213759
Chr34	20000000	30000000	0.8088196
Chr34	30000000	40000000	0.8211200
Chr34	40000000	50000000	0.7965449
Chr34	50000000	60000000	0.7910992
Chr34	60000000	70000000	0.8141628
Chr34	70000000	80000000	0.7988166
Chr34	80000000	90000000	0.7775602
Chr34	90000000	90420757	0.7129055
Chr35	0	10000000	0.7829339
Chr35	10000000	20000000	0.8252895
Chr35	20000000	30000000	0.8145674
Chr35	30000000	40000000	0.7934810
Chr35	40000000	50000000	0.7907348
Chr35	50000000	60000000	0.8035056
Chr35	60000000	70000000	0.7965409
Chr35	70000000	80000000	0.8256458
Chr35	80000000	90000000	0.8303849
Chr35	90000000	90363446	0.8922234
Chr36	0	10000000	0.8047052
Chr36	10000000	20000000	0.8214322
Chr36	20000000	30000000	0.7929545
Chr36	30000000	40000000	0.7899077
Chr36	40000000	50000000	0.7851143
Chr36	50000000	60000000	0.7935348
Chr36	60000000	70000000	0.8023979
Chr36	70000000	80000000	0.8145981
Chr36	80000000	89315924	0.7954629
Chr37	0	10000000	0.7894935
Chr37	10000000	20000000	0.8011940
Chr37	20000000	30000000	0.8011923
Chr37	30000000	40000000	0.7937910
Chr37	40000000	50000000	0.8246127
Chr37	50000000	60000000	0.7889807
Chr37	60000000	70000000	0.8255754
Chr37	70000000	80000000	0.8036274
Chr37	80000000	88183415	0.8403076
Chr38	0	10000000	0.8362957
Chr38	10000000	20000000	0.8082504
Chr38	20000000	30000000	0.8018340
Chr38	30000000	40000000	0.8239833
Chr38	40000000	50000000	0.8108344
Chr38	50000000	60000000	0.7955744
Chr38	60000000	70000000	0.8059930
Chr38	70000000	80000000	0.8018877
Chr38	80000000	87969389	0.7698071
Chr39	0	10000000	0.8531154
Chr39	10000000	20000000	0.8008562
Chr39	20000000	30000000	0.8202592
Chr39	30000000	40000000	0.7999747
Chr39	40000000	50000000	0.7878043
Chr39	50000000	60000000	0.7909732
Chr39	60000000	70000000	0.8130386
Chr39	70000000	80000000	0.8028285
Chr39	80000000	86694490	0.8170558
Chr40	0	10000000	0.7839588
Chr40	10000000	20000000	0.8050885
Chr40	20000000	30000000	0.7915098
Chr40	30000000	40000000	0.7990736
Chr40	40000000	50000000	0.7954688
Chr40	50000000	60000000	0.7838462
Chr40	60000000	70000000	0.8170588
Chr40	70000000	80000000	0.7952238
Chr40	80000000	86417018	0.8062525
Chr41	0	10000000	0.7772300
Chr41	10000000	20000000	0.8042635
Chr41	20000000	30000000	0.8298047
Chr41	30000000	40000000	0.7829380
Chr41	40000000	50000000	0.7909720
Chr41	50000000	60000000	0.8054959
Chr41	60000000	70000000	0.8433080
Chr41	70000000	79557388	0.8589041
