Chr01	0	10000000	0.0361610
Chr01	10000000	20000000	0.0428206
Chr01	20000000	30000000	0.0283639
Chr01	30000000	40000000	0.0314235
Chr01	40000000	50000000	0.0320541
Chr01	50000000	60000000	0.0345786
Chr01	60000000	70000000	0.0358854
Chr01	70000000	80000000	0.0394959
Chr01	80000000	90000000	0.0354631
Chr01	90000000	100000000	0.0388312
Chr01	100000000	110000000	0.0333140
Chr01	110000000	120000000	0.0389429
Chr01	120000000	130000000	0.0357777
Chr01	130000000	140000000	0.0431392
Chr01	140000000	150000000	0.0401824
Chr01	150000000	160000000	0.0375053
Chr01	160000000	168845322	0.0463747
Chr02	0	10000000	0.0378351
Chr02	10000000	20000000	0.0260040
Chr02	20000000	30000000	0.0339632
Chr02	30000000	40000000	0.0328819
Chr02	40000000	50000000	0.0347752
Chr02	50000000	60000000	0.0328545
Chr02	60000000	70000000	0.0324952
Chr02	70000000	80000000	0.0379282
Chr02	80000000	90000000	0.0346734
Chr02	90000000	100000000	0.0372265
Chr02	100000000	110000000	0.0376767
Chr02	110000000	120000000	0.0384171
Chr02	120000000	130000000	0.0381184
Chr02	130000000	140000000	0.0367347
Chr02	140000000	145740238	0.0371476
Chr03	0	10000000	0.0386729
Chr03	10000000	20000000	0.0403685
Chr03	20000000	30000000	0.0369109
Chr03	30000000	40000000	0.0400890
Chr03	40000000	50000000	0.0396872
Chr03	50000000	60000000	0.0368020
Chr03	60000000	70000000	0.0398205
Chr03	70000000	80000000	0.0345469
Chr03	80000000	90000000	0.0448222
Chr03	90000000	100000000	0.0318150
Chr03	100000000	110000000	0.0351443
Chr03	110000000	120000000	0.0331572
Chr03	120000000	130000000	0.0287350
Chr03	130000000	140000000	0.0303079
Chr03	140000000	140488985	0.0227512
Chr04	0	10000000	0.0391217
Chr04	10000000	20000000	0.0399974
Chr04	20000000	30000000	0.0357265
Chr04	30000000	40000000	0.0374665
Chr04	40000000	50000000	0.0392913
Chr04	50000000	60000000	0.0399339
Chr04	60000000	70000000	0.0327084
Chr04	70000000	80000000	0.0332254
Chr04	80000000	90000000	0.0341870
Chr04	90000000	100000000	0.0340710
Chr04	100000000	110000000	0.0362644
Chr04	110000000	120000000	0.0360373
Chr04	120000000	130000000	0.0343553
Chr04	130000000	137129076	0.0274842
Chr05	0	10000000	0.0381821
Chr05	10000000	20000000	0.0453162
Chr05	20000000	30000000	0.0373764
Chr05	30000000	40000000	0.0392483
Chr05	40000000	50000000	0.0413940
Chr05	50000000	60000000	0.0342523
Chr05	60000000	70000000	0.0447554
Chr05	70000000	80000000	0.0444250
Chr05	80000000	90000000	0.0324785
Chr05	90000000	100000000	0.0350057
Chr05	100000000	110000000	0.0377822
Chr05	110000000	120000000	0.0354621
Chr05	120000000	130000000	0.0307444
Chr05	130000000	135293608	0.0302642
Chr06	0	10000000	0.0301664
Chr06	10000000	20000000	0.0362205
Chr06	20000000	30000000	0.0307253
Chr06	30000000	40000000	0.0305100
Chr06	40000000	50000000	0.0336901
Chr06	50000000	60000000	0.0364952
Chr06	60000000	70000000	0.0411632
Chr06	70000000	80000000	0.0348048
Chr06	80000000	90000000	0.0334581
Chr06	90000000	100000000	0.0423419
Chr06	100000000	110000000	0.0374481
Chr06	110000000	120000000	0.0412817
Chr06	120000000	123901946	0.0429176
Chr07	0	10000000	0.0317945
Chr07	10000000	20000000	0.0279558
Chr07	20000000	30000000	0.0405671
Chr07	30000000	40000000	0.0333589
Chr07	40000000	50000000	0.0394141
Chr07	50000000	60000000	0.0318775
Chr07	60000000	70000000	0.0382456
Chr07	70000000	80000000	0.0324357
Chr07	80000000	90000000	0.0388112
Chr07	90000000	100000000	0.0398334
Chr07	100000000	110000000	0.0423943
Chr07	110000000	120000000	0.0490747
Chr07	120000000	123686240	0.0363916
Chr08	0	10000000	0.0299463
Chr08	10000000	20000000	0.0265889
Chr08	20000000	30000000	0.0314252
Chr08	30000000	40000000	0.0287581
Chr08	40000000	50000000	0.0331406
Chr08	50000000	60000000	0.0357105
Chr08	60000000	70000000	0.0345726
Chr08	70000000	80000000	0.0345323
Chr08	80000000	90000000	0.0463490
Chr08	90000000	100000000	0.0446088
Chr08	100000000	110000000	0.0418372
Chr08	110000000	120000000	0.0467644
Chr08	120000000	122988935	0.0388165
Chr09	0	10000000	0.0335506
Chr09	10000000	20000000	0.0318505
Chr09	20000000	30000000	0.0281109
Chr09	30000000	40000000	0.0344981
Chr09	40000000	50000000	0.0357458
Chr09	50000000	60000000	0.0392538
Chr09	60000000	70000000	0.0553514
Chr09	70000000	80000000	0.0375579
Chr09	80000000	90000000	0.0395014
Chr09	90000000	100000000	0.0384123
Chr09	100000000	110000000	0.0385465
Chr09	110000000	120000000	0.0356898
Chr09	120000000	122390141	0.0402646
Chr10	0	10000000	0.0420473
Chr10	10000000	20000000	0.0454852
Chr10	20000000	30000000	0.0392780
Chr10	30000000	40000000	0.0397955
Chr10	40000000	50000000	0.0303017
Chr10	50000000	60000000	0.0327501
Chr10	60000000	70000000	0.0358311
Chr10	70000000	80000000	0.0383310
Chr10	80000000	90000000	0.0386294
Chr10	90000000	100000000	0.0283297
Chr10	100000000	110000000	0.0355572
Chr10	110000000	120000000	0.0376436
Chr10	120000000	121563885	0.0254980
Chr11	0	10000000	0.0296575
Chr11	10000000	20000000	0.0361541
Chr11	20000000	30000000	0.0389530
Chr11	30000000	40000000	0.0399358
Chr11	40000000	50000000	0.0353196
Chr11	50000000	60000000	0.0377114
Chr11	60000000	70000000	0.0370603
Chr11	70000000	80000000	0.0347289
Chr11	80000000	90000000	0.0357476
Chr11	90000000	100000000	0.0391726
Chr11	100000000	110000000	0.0444754
Chr11	110000000	118935921	0.0409701
Chr12	0	10000000	0.0359145
Chr12	10000000	20000000	0.0459973
Chr12	20000000	30000000	0.0439176
Chr12	30000000	40000000	0.0409336
Chr12	40000000	50000000	0.0334699
Chr12	50000000	60000000	0.0322601
Chr12	60000000	70000000	0.0378533
Chr12	70000000	80000000	0.0346391
Chr12	80000000	90000000	0.0333072
Chr12	90000000	100000000	0.0316550
Chr12	100000000	110000000	0.0291277
Chr12	110000000	112130334	0.0338764
Chr13	0	10000000	0.0362722
Chr13	10000000	20000000	0.0331456
Chr13	20000000	30000000	0.0375157
Chr13	30000000	40000000	0.0426993
Chr13	40000000	50000000	0.0372943
Chr13	50000000	60000000	0.0404055
Chr13	60000000	70000000	0.0400098
Chr13	70000000	80000000	0.0391793
Chr13	80000000	90000000	0.0365293
Chr13	90000000	100000000	0.0416129
Chr13	100000000	110000000	0.0413648
Chr13	110000000	111440624	0.0486609
Chr14	0	10000000	0.0437481
Chr14	10000000	20000000	0.0408371
Chr14	20000000	30000000	0.0340009
Chr14	30000000	40000000	0.0344713
Chr14	40000000	50000000	0.0358056
Chr14	50000000	60000000	0.0385888
Chr14	60000000	70000000	0.0321203
Chr14	70000000	80000000	0.0350634
Chr14	80000000	90000000	0.0421535
Chr14	90000000	100000000	0.0369264
Chr14	100000000	108969584	0.0399366
Chr15	0	10000000	0.0380042
Chr15	10000000	20000000	0.0392079
Chr15	20000000	30000000	0.0340276
Chr15	30000000	40000000	0.0326638
Chr15	40000000	50000000	0.0397180
Chr15	50000000	60000000	0.0372206
Chr15	60000000	70000000	0.0401599
Chr15	70000000	80000000	0.0301034
Chr15	80000000	90000000	0.0345655
Chr15	90000000	100000000	0.0321909
Chr15	100000000	108925116	0.0341897
Chr16	0	10000000	0.0394208
Chr16	10000000	20000000	0.0405512
Chr16	20000000	30000000	0.0395984
Chr16	30000000	40000000	0.0391664
Chr16	40000000	50000000	0.0348489
Chr16	50000000	60000000	0.0381632
Chr16	60000000	70000000	0.0343536
Chr16	70000000	80000000	0.0378249
Chr16	80000000	90000000	0.0294348
Chr16	90000000	100000000	0.0303643
Chr16	100000000	108600532	0.0346736
Chr17	0	10000000	0.0455875
Chr17	10000000	20000000	0.0405812
Chr17	20000000	30000000	0.0420918
Chr17	30000000	40000000	0.0367883
Chr17	40000000	50000000	0.0412320
Chr17	50000000	60000000	0.0322669
Chr17	60000000	70000000	0.0296964
Chr17	70000000	80000000	0.0350904
Chr17	80000000	90000000	0.0361473
Chr17	90000000	100000000	0.0343128
Chr17	100000000	108410298	0.0354404
Chr18	0	10000000	0.0389290
Chr18	10000000	20000000	0.0431663
Chr18	20000000	30000000	0.0346022
Chr18	30000000	40000000	0.0415500
Chr18	40000000	50000000	0.0365047
Chr18	50000000	60000000	0.0371136
Chr18	60000000	70000000	0.0401664
Chr18	70000000	80000000	0.0360791
Chr18	80000000	90000000	0.0338185
Chr18	90000000	100000000	0.0348779
Chr18	100000000	108118759	0.0385326
Chr19	0	10000000	0.0454220
Chr19	10000000	20000000	0.0358763
Chr19	20000000	30000000	0.0393807
Chr19	30000000	40000000	0.0356682
Chr19	40000000	50000000	0.0309641
Chr19	50000000	60000000	0.0371671
Chr19	60000000	70000000	0.0360304
Chr19	70000000	80000000	0.0346938
Chr19	80000000	90000000	0.0358192
Chr19	90000000	100000000	0.0343508
Chr19	100000000	105389045	0.0357375
Chr20	0	10000000	0.0319103
Chr20	10000000	20000000	0.0363662
Chr20	20000000	30000000	0.0387578
Chr20	30000000	40000000	0.0364178
Chr20	40000000	50000000	0.0378841
Chr20	50000000	60000000	0.0364104
Chr20	60000000	70000000	0.0397626
Chr20	70000000	80000000	0.0396515
Chr20	80000000	90000000	0.0397701
Chr20	90000000	100000000	0.0423816
Chr20	100000000	105385967	0.0348910
Chr21	0	10000000	0.0402198
Chr21	10000000	20000000	0.0365738
Chr21	20000000	30000000	0.0390202
Chr21	30000000	40000000	0.0344230
Chr21	40000000	50000000	0.0334564
Chr21	50000000	60000000	0.0333840
Chr21	60000000	70000000	0.0352306
Chr21	70000000	80000000	0.0348416
Chr21	80000000	90000000	0.0377832
Chr21	90000000	100000000	0.0380403
Chr21	100000000	105266673	0.0430046
Chr22	0	10000000	0.0367994
Chr22	10000000	20000000	0.0341654
Chr22	20000000	30000000	0.0362636
Chr22	30000000	40000000	0.0321326
Chr22	40000000	50000000	0.0329097
Chr22	50000000	60000000	0.0444765
Chr22	60000000	70000000	0.0420467
Chr22	70000000	80000000	0.0395387
Chr22	80000000	90000000	0.0371581
Chr22	90000000	100000000	0.0336583
Chr22	100000000	102716107	0.0357063
Chr23	0	10000000	0.0437754
Chr23	10000000	20000000	0.0424280
Chr23	20000000	30000000	0.0344198
Chr23	30000000	40000000	0.0325986
Chr23	40000000	50000000	0.0388739
Chr23	50000000	60000000	0.0334671
Chr23	60000000	70000000	0.0346563
Chr23	70000000	80000000	0.0371585
Chr23	80000000	90000000	0.0268181
Chr23	90000000	100000000	0.0333292
Chr23	100000000	101427766	0.0316312
Chr24	0	10000000	0.0394165
Chr24	10000000	20000000	0.0436873
Chr24	20000000	30000000	0.0365682
Chr24	30000000	40000000	0.0375227
Chr24	40000000	50000000	0.0362237
Chr24	50000000	60000000	0.0313378
Chr24	60000000	70000000	0.0328349
Chr24	70000000	80000000	0.0325232
Chr24	80000000	90000000	0.0364795
Chr24	90000000	99468242	0.0438236
Chr25	0	10000000	0.0487770
Chr25	10000000	20000000	0.0376054
Chr25	20000000	30000000	0.0365992
Chr25	30000000	40000000	0.0421928
Chr25	40000000	50000000	0.0349498
Chr25	50000000	60000000	0.0321642
Chr25	60000000	70000000	0.0355752
Chr25	70000000	80000000	0.0430910
Chr25	80000000	90000000	0.0355964
Chr25	90000000	99105869	0.0421973
Chr26	0	10000000	0.0296271
Chr26	10000000	20000000	0.0312027
Chr26	20000000	30000000	0.0388218
Chr26	30000000	40000000	0.0386486
Chr26	40000000	50000000	0.0398824
Chr26	50000000	60000000	0.0361967
Chr26	60000000	70000000	0.0365290
Chr26	70000000	80000000	0.0403796
Chr26	80000000	90000000	0.0461820
Chr26	90000000	98986489	0.0435005
Chr27	0	10000000	0.0293213
Chr27	10000000	20000000	0.0380390
Chr27	20000000	30000000	0.0369211
Chr27	30000000	40000000	0.0389211
Chr27	40000000	50000000	0.0366794
Chr27	50000000	60000000	0.0382146
Chr27	60000000	70000000	0.0359288
Chr27	70000000	80000000	0.0410397
Chr27	80000000	90000000	0.0367391
Chr27	90000000	98814315	0.0484188
Chr28	0	10000000	0.0408894
Chr28	10000000	20000000	0.0366670
Chr28	20000000	30000000	0.0392275
Chr28	30000000	40000000	0.0384999
Chr28	40000000	50000000	0.0360566
Chr28	50000000	60000000	0.0306480
Chr28	60000000	70000000	0.0290289
Chr28	70000000	80000000	0.0410678
Chr28	80000000	90000000	0.0374103
Chr28	90000000	98735482	0.0359537
Chr29	0	10000000	0.0387472
Chr29	10000000	20000000	0.0356476
Chr29	20000000	30000000	0.0356038
Chr29	30000000	40000000	0.0343853
Chr29	40000000	50000000	0.0316725
Chr29	50000000	60000000	0.0379261
Chr29	60000000	70000000	0.0359124
Chr29	70000000	80000000	0.0382556
Chr29	80000000	90000000	0.0351597
Chr29	90000000	98317666	0.0366275
Chr30	0	10000000	0.0329679
Chr30	10000000	20000000	0.0353024
Chr30	20000000	30000000	0.0334062
Chr30	30000000	40000000	0.0399202
Chr30	40000000	50000000	0.0344893
Chr30	50000000	60000000	0.0394492
Chr30	60000000	70000000	0.0349172
Chr30	70000000	80000000	0.0411503
Chr30	80000000	90000000	0.0396413
Chr30	90000000	97617499	0.0444179
Chr31	0	10000000	0.0370174
Chr31	10000000	20000000	0.0362718
Chr31	20000000	30000000	0.0346658
Chr31	30000000	40000000	0.0486962
Chr31	40000000	50000000	0.0404453
Chr31	50000000	60000000	0.0424088
Chr31	60000000	70000000	0.0399691
Chr31	70000000	80000000	0.0342290
Chr31	80000000	90000000	0.0271408
Chr31	90000000	96282890	0.0344884
Chr32	0	10000000	0.0433649
Chr32	10000000	20000000	0.0437995
Chr32	20000000	30000000	0.0382506
Chr32	30000000	40000000	0.0351840
Chr32	40000000	50000000	0.0378712
Chr32	50000000	60000000	0.0394474
Chr32	60000000	70000000	0.0328772
Chr32	70000000	80000000	0.0287765
Chr32	80000000	90000000	0.0308186
Chr32	90000000	94294672	0.0329862
Chr33	0	10000000	0.0265390
Chr33	10000000	20000000	0.0361551
Chr33	20000000	30000000	0.0318704
Chr33	30000000	40000000	0.0356910
Chr33	40000000	50000000	0.0414450
Chr33	50000000	60000000	0.0367932
Chr33	60000000	70000000	0.0378091
Chr33	70000000	80000000	0.0397448
Chr33	80000000	90000000	0.0363760
Chr33	90000000	94040615	0.0428566
Chr34	0	10000000	0.0399156
Chr34	10000000	20000000	0.0465942
Chr34	20000000	30000000	0.0397649
Chr34	30000000	40000000	0.0415539
Chr34	40000000	50000000	0.0370262
Chr34	50000000	60000000	0.0409054
Chr34	60000000	70000000	0.0380825
Chr34	70000000	80000000	0.0351333
Chr34	80000000	90000000	0.0316959
Chr34	90000000	90420757	0.0277262
Chr35	0	10000000	0.0349356
Chr35	10000000	20000000	0.0401957
Chr35	20000000	30000000	0.0389976
Chr35	30000000	40000000	0.0390052
Chr35	40000000	50000000	0.0386634
Chr35	50000000	60000000	0.0404009
Chr35	60000000	70000000	0.0387120
Chr35	70000000	80000000	0.0425168
Chr35	80000000	90000000	0.0386969
Chr35	90000000	90363446	0.0426143
Chr36	0	10000000	0.0369549
Chr36	10000000	20000000	0.0441794
Chr36	20000000	30000000	0.0379436
Chr36	30000000	40000000	0.0322382
Chr36	40000000	50000000	0.0417188
Chr36	50000000	60000000	0.0345685
Chr36	60000000	70000000	0.0413202
Chr36	70000000	80000000	0.0413492
Chr36	80000000	89315924	0.0429925
Chr37	0	10000000	0.0330774
Chr37	10000000	20000000	0.0379294
Chr37	20000000	30000000	0.0305654
Chr37	30000000	40000000	0.0361638
Chr37	40000000	50000000	0.0378910
Chr37	50000000	60000000	0.0373076
Chr37	60000000	70000000	0.0397752
Chr37	70000000	80000000	0.0447826
Chr37	80000000	88183415	0.0426036
Chr38	0	10000000	0.0398035
Chr38	10000000	20000000	0.0407559
Chr38	20000000	30000000	0.0407102
Chr38	30000000	40000000	0.0395626
Chr38	40000000	50000000	0.0354568
Chr38	50000000	60000000	0.0364904
Chr38	60000000	70000000	0.0344906
Chr38	70000000	80000000	0.0343012
Chr38	80000000	87969389	0.0310768
Chr39	0	10000000	0.0472925
Chr39	10000000	20000000	0.0378129
Chr39	20000000	30000000	0.0422601
Chr39	30000000	40000000	0.0347314
Chr39	40000000	50000000	0.0387453
Chr39	50000000	60000000	0.0359566
Chr39	60000000	70000000	0.0306272
Chr39	70000000	80000000	0.0311338
Chr39	80000000	86694490	0.0274139
Chr40	0	10000000	0.0314856
Chr40	10000000	20000000	0.0400208
Chr40	20000000	30000000	0.0417528
Chr40	30000000	40000000	0.0352178
Chr40	40000000	50000000	0.0354343
Chr40	50000000	60000000	0.0383901
Chr40	60000000	70000000	0.0461505
Chr40	70000000	80000000	0.0375727
Chr40	80000000	86417018	0.0333851
Chr41	0	10000000	0.0279552
Chr41	10000000	20000000	0.0336291
Chr41	20000000	30000000	0.0366497
Chr41	30000000	40000000	0.0361347
Chr41	40000000	50000000	0.0375276
Chr41	50000000	60000000	0.0390060
Chr41	60000000	70000000	0.0450868
Chr41	70000000	79557388	0.0470455
